[gd_scene load_steps=23 format=2]

[ext_resource path="res://crane.gd" type="Script" id=1]
[ext_resource path="res://crane.obj" type="ArrayMesh" id=2]
[ext_resource path="res://spritesheet.tres" type="Material" id=3]
[ext_resource path="res://crane_seat.obj" type="ArrayMesh" id=4]
[ext_resource path="res://crane_hook.obj" type="ArrayMesh" id=5]

[sub_resource type="BoxShape" id=1]
extents = Vector3( 0.5, 14.5, 0.5 )

[sub_resource type="BoxShape" id=2]
extents = Vector3( 0.5, 5, 0.5 )

[sub_resource type="BoxShape" id=3]
extents = Vector3( 0.5, 1.125, 4 )

[sub_resource type="BoxShape" id=4]
extents = Vector3( 0.5, 5.5, 0.5 )

[sub_resource type="BoxShape" id=5]
extents = Vector3( 8.5, 0.5, 0.5 )

[sub_resource type="BoxShape" id=6]
extents = Vector3( 2, 1.5, 1 )

[sub_resource type="BoxShape" id=7]
extents = Vector3( 29, 0.1, 0.75 )

[sub_resource type="BoxShape" id=8]
extents = Vector3( 15, 0.1, 0.75 )

[sub_resource type="BoxShape" id=9]
extents = Vector3( 14.5, 0.1, 0.1 )

[sub_resource type="BoxShape" id=10]
extents = Vector3( 9.64699, 0.1, 0.1 )

[sub_resource type="BoxShape" id=11]
extents = Vector3( 15.0677, 0.1, 0.1 )

[sub_resource type="BoxShape" id=12]
extents = Vector3( 11, 0.1, 0.75 )

[sub_resource type="BoxShape" id=13]
extents = Vector3( 1.47, 0.125, 0.125 )

[sub_resource type="BoxShape" id=14]
extents = Vector3( 0.125, 0.125, 3.045 )

[sub_resource type="ConvexPolygonShape" id=15]
points = PoolVector3Array( 0.857143, 23.6725, -2.04762, 0.857143, 23.6725, 2.04762, 0.923521, 24.7205, -1.92352, 0.923521, 24.7205, 1.92352, 1, 21.7474, -1.95046, 1, 21.7474, 1.95046, 2.98124, 24.7205, -1.92352, 2.98124, 24.7205, 1.92352, 3, 21.7412, -1.95859, 3, 21.7412, 1.95859 )

[sub_resource type="ConvexPolygonShape" id=16]
points = PoolVector3Array( -3.04762, 24.8157, -2.04762, -3.04762, 24.8157, 2.04762, -2.88494, 23.7205, -1.87698, -2.88494, 23.7205, 1.87698, 0.694079, 23.7205, -1.87698, 0.694079, 23.7205, 1.87698, 0.856761, 24.8157, -2.04762, 0.856761, 24.8157, 2.04762 )

[sub_resource type="BoxShape" id=17]
extents = Vector3( 2.10042, 1.73523, 4.50879 )

[node name="Spatial" type="Spatial"]
script = ExtResource( 1 )

[node name="KinematicBody" type="KinematicBody" parent="."]

[node name="Crane" type="MeshInstance" parent="KinematicBody"]
transform = Transform( -1, 0, -8.74228e-08, 0, 1, 0, 8.74228e-08, 0, -1, -7.00951e-05, 0, 3.09475e-07 )
material_override = ExtResource( 3 )
mesh = ExtResource( 2 )
material/0 = null
material/1 = null
material/2 = null
material/3 = null
material/4 = null
material/5 = null
material/6 = null
material/7 = null
material/8 = null
material/9 = null
material/10 = null

[node name="CollisionShape" type="CollisionShape" parent="KinematicBody"]
transform = Transform( -1, 0, -8.74228e-08, 0, 1, 0, 8.74228e-08, 0, -1, 8.99993, 14.5, -4.5 )
shape = SubResource( 1 )

[node name="CollisionShape17" type="CollisionShape" parent="KinematicBody"]
transform = Transform( -1, 3.83236e-08, -7.85751e-08, 0, 0.898794, 0.438371, 8.74228e-08, 0.438371, -0.898794, 8.99993, 33.6504, -2.28824 )
shape = SubResource( 2 )

[node name="CollisionShape18" type="CollisionShape" parent="KinematicBody"]
transform = Transform( -1, -3.83236e-08, -7.8575e-08, 0, 0.898794, -0.438371, 8.74228e-08, -0.438371, -0.898794, 8.99993, 33.65, 2.288 )
shape = SubResource( 2 )

[node name="CollisionShape5" type="CollisionShape" parent="KinematicBody"]
transform = Transform( -1, 0, -8.74228e-08, 0, 1, 0, 8.74228e-08, 0, -1, 8.99993, 28.125, -4.7733e-07 )
shape = SubResource( 3 )

[node name="CollisionShape6" type="CollisionShape" parent="KinematicBody"]
transform = Transform( -1, 0, -8.74228e-08, 0, 1, 0, 8.74228e-08, 0, -1, -9.00007, 28.125, 1.09628e-06 )
shape = SubResource( 3 )

[node name="CollisionShape2" type="CollisionShape" parent="KinematicBody"]
transform = Transform( -1, 0, -8.74228e-08, 0, 1, 0, 8.74228e-08, 0, -1, -9.00007, 14.5, -4.5 )
shape = SubResource( 1 )

[node name="CollisionShape3" type="CollisionShape" parent="KinematicBody"]
transform = Transform( -1, 0, -8.74228e-08, 0, 1, 0, 8.74228e-08, 0, -1, -9.00007, 14.5, 4.5 )
shape = SubResource( 1 )

[node name="CollisionShape7" type="CollisionShape" parent="KinematicBody"]
transform = Transform( -0.997968, 0.0637137, -8.74228e-08, 0.0637137, 0.997968, 0, 8.72452e-08, -5.57003e-09, -1, -8.52969, 7.468, 4.5 )
shape = SubResource( 4 )

[node name="CollisionShape8" type="CollisionShape" parent="KinematicBody"]
transform = Transform( -0.997968, 0.0637137, -8.74228e-08, 0.0637137, 0.997968, 0, 8.72452e-08, -5.57003e-09, -1, -8.53007, 7.468, -4.5 )
shape = SubResource( 4 )

[node name="CollisionShape9" type="CollisionShape" parent="KinematicBody"]
transform = Transform( -0.997968, -0.0637137, -8.74228e-08, -0.0637137, 0.997968, 0, 8.72451e-08, 5.57003e-09, -1, 8.52993, 7.468, -4.5 )
shape = SubResource( 4 )

[node name="CollisionShape10" type="CollisionShape" parent="KinematicBody"]
transform = Transform( -0.997968, -0.0637137, -8.74228e-08, -0.0637137, 0.997968, 0, 8.72451e-08, 5.57003e-09, -1, 8.52993, 7.468, 4.5 )
shape = SubResource( 4 )

[node name="CollisionShape4" type="CollisionShape" parent="KinematicBody"]
transform = Transform( -1, 0, -8.74228e-08, 0, 1, 0, 8.74228e-08, 0, -1, 8.99993, 14.5, 4.5 )
shape = SubResource( 1 )

[node name="CollisionShape11" type="CollisionShape" parent="KinematicBody"]
transform = Transform( -1, 0, -8.74228e-08, 0, 1, 0, 8.74228e-08, 0, -1, -7.05719e-05, 12.5, -4.5 )
shape = SubResource( 5 )

[node name="CollisionShape12" type="CollisionShape" parent="KinematicBody"]
transform = Transform( -1, 0, -8.74228e-08, 0, 1, 0, 8.74228e-08, 0, -1, -6.96182e-05, 12.5, 4.5 )
shape = SubResource( 5 )

[node name="CollisionShape13" type="CollisionShape" parent="KinematicBody"]
transform = Transform( -1, 0, -8.74228e-08, 0, 1, 0, 8.74228e-08, 0, -1, -18.0294, 23.22, 1.88565e-06 )
shape = SubResource( 6 )

[node name="CollisionShape14" type="CollisionShape" parent="KinematicBody"]
transform = Transform( -1, 0, -8.74228e-08, 0, 1, 0, 8.74228e-08, 0, -1, 7.96055, 24.72, -3.86465e-07 )
shape = SubResource( 7 )

[node name="CollisionShape15" type="CollisionShape" parent="KinematicBody"]
transform = Transform( -1, 0, -8.74228e-08, 0, 1, 0, 8.74228e-08, 0, -1, -4.92634, 26.9443, 7.40143e-07 )
shape = SubResource( 8 )

[node name="CollisionShape19" type="CollisionShape" parent="KinematicBody"]
transform = Transform( -0.934894, 0.354927, -8.74228e-08, 0.354927, 0.934894, 0, 8.1731e-08, -3.10287e-08, -1, 22.6077, 31.0517, 0.653998 )
shape = SubResource( 9 )

[node name="CollisionShape20" type="CollisionShape" parent="KinematicBody"]
transform = Transform( -0.934894, 0.354927, -8.74228e-08, 0.354927, 0.934894, 0, 8.1731e-08, -3.10287e-08, -1, 22.6079, 31.052, -0.654002 )
shape = SubResource( 9 )

[node name="CollisionShape21" type="CollisionShape" parent="KinematicBody"]
transform = Transform( -0.884459, -0.466618, -8.74228e-08, -0.466618, 0.884459, 0, 7.73218e-08, 4.07931e-08, -1, -0.097908, 31.426, -0.654 )
shape = SubResource( 10 )

[node name="CollisionShape22" type="CollisionShape" parent="KinematicBody"]
transform = Transform( -0.884459, -0.466618, -8.74228e-08, -0.466618, 0.884459, 0, 7.73218e-08, 4.07931e-08, -1, -0.0980701, 31.426, 0.654 )
shape = SubResource( 10 )

[node name="CollisionShape23" type="CollisionShape" parent="KinematicBody"]
transform = Transform( -0.952294, -0.30518, -8.74228e-08, -0.30518, 0.952294, 0, 8.32522e-08, 2.66797e-08, -1, -5.56738, 31.4937, 0.644559 )
shape = SubResource( 11 )

[node name="CollisionShape24" type="CollisionShape" parent="KinematicBody"]
transform = Transform( -0.952294, -0.30518, -8.74228e-08, -0.30518, 0.952294, 0, 8.32522e-08, 2.66797e-08, -1, -5.56707, 31.494, -0.644999 )
shape = SubResource( 11 )

[node name="CollisionShape16" type="CollisionShape" parent="KinematicBody"]
transform = Transform( -1, 0, -8.74228e-08, 0, 1, 0, 8.74228e-08, 0, -1, 25.1092, 25.9012, -1.88565e-06 )
shape = SubResource( 12 )

[node name="Picker" type="KinematicBody" parent="KinematicBody"]

[node name="crane_hook" type="MeshInstance" parent="KinematicBody/Picker"]
material_override = ExtResource( 3 )
mesh = ExtResource( 5 )
material/0 = null

[node name="CollisionShape2" type="CollisionShape" parent="KinematicBody/Picker"]
transform = Transform( 1, 0, 0, 0, 1, 0, 0, 0, 1, 0, 2.715, -3.17 )
shape = SubResource( 13 )

[node name="CollisionShape5" type="CollisionShape" parent="KinematicBody/Picker"]
transform = Transform( 1, 0, 0, 0, 1, 0, 0, 0, 1, 0, 2.715, 3.17 )
shape = SubResource( 13 )

[node name="CollisionShape3" type="CollisionShape" parent="KinematicBody/Picker"]
transform = Transform( 1, 0, 0, 0, 1, 0, 0, 0, 1, 1.345, 2.715, 0 )
shape = SubResource( 14 )

[node name="CollisionShape4" type="CollisionShape" parent="KinematicBody/Picker"]
transform = Transform( 1, 0, 0, 0, 1, 0, 0, 0, 1, -1.345, 2.715, 0 )
shape = SubResource( 14 )

[node name="Seat" type="KinematicBody" parent="KinematicBody"]
transform = Transform( -1, 0, -8.74228e-08, 0, 1, 0, 8.74228e-08, 0, -1, 0, 0, 0 )

[node name="crane_seat" type="MeshInstance" parent="KinematicBody/Seat"]
mesh = ExtResource( 4 )
material/0 = null

[node name="CollisionShape2" type="CollisionShape" parent="KinematicBody/Seat"]
shape = SubResource( 15 )

[node name="CollisionShape" type="CollisionShape" parent="KinematicBody/Seat"]
shape = SubResource( 16 )

[node name="PlayerDropArea" type="Area" parent="KinematicBody"]

[node name="CollisionShape25" type="CollisionShape" parent="KinematicBody/PlayerDropArea"]
transform = Transform( 1, 0, 0, 0, 1, 0, 0, 0, 1, 0, 1.64127, 0 )
shape = SubResource( 17 )
[connection signal="body_entered" from="KinematicBody/PlayerDropArea" to="." method="_on_PlayerDropArea_body_entered"]
